Listado del Resultado  SAM 6.1.55 .    Mecanismo: dedo2

________________________________________________________________________
	A(21)
[deg]	
-7.408	
-12.536	
-16.523	
-19.860	
-22.763	
-25.350	
-27.696	
-29.849	
-31.843	
-33.705	
-35.454	
-37.104	
-38.669	
-40.158	
-41.580	
-42.941	
-44.246	
-45.502	
-46.712	
-47.880	
-49.010	
-50.104	
-51.165	
-52.194	
-53.195	
-54.170	
-55.118	
-56.043	
-56.946	
-57.827	
-58.688	
-59.531	
-60.355	
-61.163	
-61.954	
-62.730	
-63.491	
-64.238	
-64.971	
-65.692	
-66.400	
-67.097	
-67.782	
-68.457	
-69.121	
-69.775	
-70.420	
-71.055	
-71.681	
-72.299	
-72.909	
-73.510	
-74.104	
-74.691	
-75.270	
-75.842	
-76.408	
-76.967	
-77.520	
-78.067	
-78.608	
-79.143	
-79.673	
-80.197	
-80.717	
-81.231	
-81.740	
-82.245	
-82.745	
-83.241	
-83.733	
-84.220	
-84.704	
-85.183	
-85.659	
-86.131	
-86.599	
-87.064	
-87.526	
-87.985	
-88.440	
-88.892	
-89.341	
-89.788	
