Listado del Resultado  SAM 6.1.55 .    Mecanismo: dedo2

________________________________________________________________________
	A(12)
[deg]	
-13.491	
-12.580	
-11.817	
-11.152	
-10.559	
-10.020	
-9.526	
-9.068	
-8.641	
-8.241	
-7.865	
-7.509	
-7.173	
-6.853	
-6.548	
-6.258	
-5.981	
-5.716	
-5.462	
-5.218	
-4.984	
-4.760	
-4.544	
-4.337	
-4.137	
-3.945	
-3.759	
-3.581	
-3.409	
-3.243	
-3.083	
-2.929	
-2.780	
-2.637	
-2.498	
-2.365	
-2.236	
-2.112	
-1.992	
-1.877	
-1.765	
-1.658	
-1.555	
-1.455	
-1.359	
-1.267	
-1.178	
-1.093	
-1.011	
-0.932	
-0.857	
-0.784	
-0.715	
-0.649	
-0.586	
-0.525	
-0.467	
-0.412	
-0.360	
-0.311	
-0.264	
-0.219	
-0.177	
-0.138	
-0.101	
-0.066	
-0.034	
-0.004	
0.024	
0.050	
0.073	
0.094	
0.113	
0.130	
0.144	
0.157	
0.167	
0.176	
0.183	
0.187	
0.190	
0.190	
0.189	
0.186	
